{
 "cells": [
  {
   "cell_type": "code",
   "execution_count": 1,
   "metadata": {},
   "outputs": [],
   "source": [
    "import pandas as pd"
   ]
  },
  {
   "cell_type": "markdown",
   "metadata": {},
   "source": [
    "### 최종 모델 데이터 가져옴 "
   ]
  },
  {
   "cell_type": "code",
   "execution_count": 3,
   "metadata": {},
   "outputs": [
    {
     "data": {
      "text/html": [
       "<div>\n",
       "<style scoped>\n",
       "    .dataframe tbody tr th:only-of-type {\n",
       "        vertical-align: middle;\n",
       "    }\n",
       "\n",
       "    .dataframe tbody tr th {\n",
       "        vertical-align: top;\n",
       "    }\n",
       "\n",
       "    .dataframe thead th {\n",
       "        text-align: right;\n",
       "    }\n",
       "</style>\n",
       "<table border=\"1\" class=\"dataframe\">\n",
       "  <thead>\n",
       "    <tr style=\"text-align: right;\">\n",
       "      <th></th>\n",
       "      <th>Unnamed: 0</th>\n",
       "      <th>라인</th>\n",
       "      <th>win</th>\n",
       "      <th>분당 킬</th>\n",
       "      <th>분당 어시</th>\n",
       "      <th>분당 데스</th>\n",
       "      <th>퍼블유무</th>\n",
       "      <th>퍼블어시유무</th>\n",
       "      <th>분당 얻은 골드</th>\n",
       "      <th>분당 피해량</th>\n",
       "      <th>분당 cc건시간</th>\n",
       "      <th>분당 CS</th>\n",
       "      <th>분당 죽은시간</th>\n",
       "      <th>분당 시야점수</th>\n",
       "    </tr>\n",
       "  </thead>\n",
       "  <tbody>\n",
       "    <tr>\n",
       "      <th>0</th>\n",
       "      <td>0</td>\n",
       "      <td>TOP</td>\n",
       "      <td>True</td>\n",
       "      <td>0.54</td>\n",
       "      <td>0.11</td>\n",
       "      <td>0.22</td>\n",
       "      <td>False</td>\n",
       "      <td>False</td>\n",
       "      <td>509.12</td>\n",
       "      <td>862.20</td>\n",
       "      <td>0.98</td>\n",
       "      <td>5.0</td>\n",
       "      <td>5.65</td>\n",
       "      <td>0.36</td>\n",
       "    </tr>\n",
       "    <tr>\n",
       "      <th>1</th>\n",
       "      <td>1</td>\n",
       "      <td>JUNGLE</td>\n",
       "      <td>True</td>\n",
       "      <td>0.14</td>\n",
       "      <td>0.69</td>\n",
       "      <td>0.14</td>\n",
       "      <td>False</td>\n",
       "      <td>True</td>\n",
       "      <td>382.95</td>\n",
       "      <td>570.17</td>\n",
       "      <td>0.80</td>\n",
       "      <td>1.0</td>\n",
       "      <td>2.97</td>\n",
       "      <td>0.76</td>\n",
       "    </tr>\n",
       "  </tbody>\n",
       "</table>\n",
       "</div>"
      ],
      "text/plain": [
       "   Unnamed: 0      라인   win  분당 킬  분당 어시  분당 데스   퍼블유무  퍼블어시유무  분당 얻은 골드  \\\n",
       "0           0     TOP  True  0.54   0.11   0.22  False   False    509.12   \n",
       "1           1  JUNGLE  True  0.14   0.69   0.14  False    True    382.95   \n",
       "\n",
       "   분당 피해량  분당 cc건시간  분당 CS  분당 죽은시간  분당 시야점수  \n",
       "0  862.20      0.98    5.0     5.65     0.36  \n",
       "1  570.17      0.80    1.0     2.97     0.76  "
      ]
     },
     "execution_count": 3,
     "metadata": {},
     "output_type": "execute_result"
    }
   ],
   "source": [
    "df = pd.read_csv('data/모델돌릴꺼2.csv')\n",
    "df.head(2)"
   ]
  },
  {
   "cell_type": "markdown",
   "metadata": {},
   "source": [
    "### Unnamed: 0 제거"
   ]
  },
  {
   "cell_type": "code",
   "execution_count": 4,
   "metadata": {},
   "outputs": [
    {
     "name": "stderr",
     "output_type": "stream",
     "text": [
      "C:\\Users\\sujong\\AppData\\Local\\Temp\\ipykernel_6188\\3130116340.py:1: FutureWarning: In a future version of pandas all arguments of DataFrame.drop except for the argument 'labels' will be keyword-only.\n",
      "  df.drop('Unnamed: 0',1,inplace=True)\n"
     ]
    },
    {
     "data": {
      "text/html": [
       "<div>\n",
       "<style scoped>\n",
       "    .dataframe tbody tr th:only-of-type {\n",
       "        vertical-align: middle;\n",
       "    }\n",
       "\n",
       "    .dataframe tbody tr th {\n",
       "        vertical-align: top;\n",
       "    }\n",
       "\n",
       "    .dataframe thead th {\n",
       "        text-align: right;\n",
       "    }\n",
       "</style>\n",
       "<table border=\"1\" class=\"dataframe\">\n",
       "  <thead>\n",
       "    <tr style=\"text-align: right;\">\n",
       "      <th></th>\n",
       "      <th>라인</th>\n",
       "      <th>win</th>\n",
       "      <th>분당 킬</th>\n",
       "      <th>분당 어시</th>\n",
       "      <th>분당 데스</th>\n",
       "      <th>퍼블유무</th>\n",
       "      <th>퍼블어시유무</th>\n",
       "      <th>분당 얻은 골드</th>\n",
       "      <th>분당 피해량</th>\n",
       "      <th>분당 cc건시간</th>\n",
       "      <th>분당 CS</th>\n",
       "      <th>분당 죽은시간</th>\n",
       "      <th>분당 시야점수</th>\n",
       "    </tr>\n",
       "  </thead>\n",
       "  <tbody>\n",
       "    <tr>\n",
       "      <th>0</th>\n",
       "      <td>TOP</td>\n",
       "      <td>True</td>\n",
       "      <td>0.54</td>\n",
       "      <td>0.11</td>\n",
       "      <td>0.22</td>\n",
       "      <td>False</td>\n",
       "      <td>False</td>\n",
       "      <td>509.12</td>\n",
       "      <td>862.20</td>\n",
       "      <td>0.98</td>\n",
       "      <td>5.0</td>\n",
       "      <td>5.65</td>\n",
       "      <td>0.36</td>\n",
       "    </tr>\n",
       "    <tr>\n",
       "      <th>1</th>\n",
       "      <td>JUNGLE</td>\n",
       "      <td>True</td>\n",
       "      <td>0.14</td>\n",
       "      <td>0.69</td>\n",
       "      <td>0.14</td>\n",
       "      <td>False</td>\n",
       "      <td>True</td>\n",
       "      <td>382.95</td>\n",
       "      <td>570.17</td>\n",
       "      <td>0.80</td>\n",
       "      <td>1.0</td>\n",
       "      <td>2.97</td>\n",
       "      <td>0.76</td>\n",
       "    </tr>\n",
       "  </tbody>\n",
       "</table>\n",
       "</div>"
      ],
      "text/plain": [
       "       라인   win  분당 킬  분당 어시  분당 데스   퍼블유무  퍼블어시유무  분당 얻은 골드  분당 피해량  \\\n",
       "0     TOP  True  0.54   0.11   0.22  False   False    509.12  862.20   \n",
       "1  JUNGLE  True  0.14   0.69   0.14  False    True    382.95  570.17   \n",
       "\n",
       "   분당 cc건시간  분당 CS  분당 죽은시간  분당 시야점수  \n",
       "0      0.98    5.0     5.65     0.36  \n",
       "1      0.80    1.0     2.97     0.76  "
      ]
     },
     "execution_count": 4,
     "metadata": {},
     "output_type": "execute_result"
    }
   ],
   "source": [
    "df.drop('Unnamed: 0',1,inplace=True)\n",
    "df.head(2)"
   ]
  },
  {
   "cell_type": "code",
   "execution_count": 5,
   "metadata": {},
   "outputs": [
    {
     "data": {
      "text/plain": [
       "array(['TOP', 'JUNGLE', 'MIDDLE', 'BOTTOM', 'UTILITY'], dtype=object)"
      ]
     },
     "execution_count": 5,
     "metadata": {},
     "output_type": "execute_result"
    }
   ],
   "source": [
    "df['라인'].unique()"
   ]
  },
  {
   "cell_type": "markdown",
   "metadata": {},
   "source": [
    "### 각 라인별로 데이터 나누기"
   ]
  },
  {
   "cell_type": "code",
   "execution_count": 6,
   "metadata": {},
   "outputs": [],
   "source": [
    "top = df.loc[df['라인']=='TOP']\n",
    "jungle = df.loc[df['라인']=='JUNGLE']\n",
    "mid = df.loc[df['라인']=='MIDDLE']\n",
    "bottom = df.loc[df['라인']=='BOTTOM']\n",
    "utility = df.loc[df['라인']=='UTILITY']"
   ]
  },
  {
   "cell_type": "markdown",
   "metadata": {},
   "source": [
    "### 라인 구분할때 사용했던 컬럼 제거"
   ]
  },
  {
   "cell_type": "code",
   "execution_count": 7,
   "metadata": {},
   "outputs": [
    {
     "name": "stderr",
     "output_type": "stream",
     "text": [
      "C:\\Users\\sujong\\AppData\\Local\\Temp\\ipykernel_6188\\2549572576.py:1: FutureWarning: In a future version of pandas all arguments of DataFrame.drop except for the argument 'labels' will be keyword-only.\n",
      "  top.drop(['라인'],1, inplace=True)\n",
      "C:\\Users\\sujong\\AppData\\Local\\Temp\\ipykernel_6188\\2549572576.py:1: SettingWithCopyWarning: \n",
      "A value is trying to be set on a copy of a slice from a DataFrame\n",
      "\n",
      "See the caveats in the documentation: https://pandas.pydata.org/pandas-docs/stable/user_guide/indexing.html#returning-a-view-versus-a-copy\n",
      "  top.drop(['라인'],1, inplace=True)\n",
      "C:\\Users\\sujong\\AppData\\Local\\Temp\\ipykernel_6188\\2549572576.py:2: FutureWarning: In a future version of pandas all arguments of DataFrame.drop except for the argument 'labels' will be keyword-only.\n",
      "  jungle.drop(['라인'],1, inplace=True)\n",
      "C:\\Users\\sujong\\AppData\\Local\\Temp\\ipykernel_6188\\2549572576.py:2: SettingWithCopyWarning: \n",
      "A value is trying to be set on a copy of a slice from a DataFrame\n",
      "\n",
      "See the caveats in the documentation: https://pandas.pydata.org/pandas-docs/stable/user_guide/indexing.html#returning-a-view-versus-a-copy\n",
      "  jungle.drop(['라인'],1, inplace=True)\n",
      "C:\\Users\\sujong\\AppData\\Local\\Temp\\ipykernel_6188\\2549572576.py:3: FutureWarning: In a future version of pandas all arguments of DataFrame.drop except for the argument 'labels' will be keyword-only.\n",
      "  mid.drop(['라인'],1, inplace=True)\n",
      "C:\\Users\\sujong\\AppData\\Local\\Temp\\ipykernel_6188\\2549572576.py:3: SettingWithCopyWarning: \n",
      "A value is trying to be set on a copy of a slice from a DataFrame\n",
      "\n",
      "See the caveats in the documentation: https://pandas.pydata.org/pandas-docs/stable/user_guide/indexing.html#returning-a-view-versus-a-copy\n",
      "  mid.drop(['라인'],1, inplace=True)\n",
      "C:\\Users\\sujong\\AppData\\Local\\Temp\\ipykernel_6188\\2549572576.py:4: FutureWarning: In a future version of pandas all arguments of DataFrame.drop except for the argument 'labels' will be keyword-only.\n",
      "  bottom.drop(['라인'],1, inplace=True)\n",
      "C:\\Users\\sujong\\AppData\\Local\\Temp\\ipykernel_6188\\2549572576.py:4: SettingWithCopyWarning: \n",
      "A value is trying to be set on a copy of a slice from a DataFrame\n",
      "\n",
      "See the caveats in the documentation: https://pandas.pydata.org/pandas-docs/stable/user_guide/indexing.html#returning-a-view-versus-a-copy\n",
      "  bottom.drop(['라인'],1, inplace=True)\n",
      "C:\\Users\\sujong\\AppData\\Local\\Temp\\ipykernel_6188\\2549572576.py:5: FutureWarning: In a future version of pandas all arguments of DataFrame.drop except for the argument 'labels' will be keyword-only.\n",
      "  utility.drop(['라인'],1, inplace=True)\n",
      "C:\\Users\\sujong\\AppData\\Local\\Temp\\ipykernel_6188\\2549572576.py:5: SettingWithCopyWarning: \n",
      "A value is trying to be set on a copy of a slice from a DataFrame\n",
      "\n",
      "See the caveats in the documentation: https://pandas.pydata.org/pandas-docs/stable/user_guide/indexing.html#returning-a-view-versus-a-copy\n",
      "  utility.drop(['라인'],1, inplace=True)\n"
     ]
    }
   ],
   "source": [
    "top.drop(['라인'],1, inplace=True)\n",
    "jungle.drop(['라인'],1, inplace=True)\n",
    "mid.drop(['라인'],1, inplace=True)\n",
    "bottom.drop(['라인'],1, inplace=True)\n",
    "utility.drop(['라인'],1, inplace=True)"
   ]
  },
  {
   "cell_type": "markdown",
   "metadata": {},
   "source": [
    "### 탑의 승리와 가장 연관있는 지표 알아보기"
   ]
  },
  {
   "cell_type": "code",
   "execution_count": 8,
   "metadata": {},
   "outputs": [
    {
     "data": {
      "text/html": [
       "<div>\n",
       "<style scoped>\n",
       "    .dataframe tbody tr th:only-of-type {\n",
       "        vertical-align: middle;\n",
       "    }\n",
       "\n",
       "    .dataframe tbody tr th {\n",
       "        vertical-align: top;\n",
       "    }\n",
       "\n",
       "    .dataframe thead th {\n",
       "        text-align: right;\n",
       "    }\n",
       "</style>\n",
       "<table border=\"1\" class=\"dataframe\">\n",
       "  <thead>\n",
       "    <tr style=\"text-align: right;\">\n",
       "      <th></th>\n",
       "      <th>win</th>\n",
       "      <th>분당 킬</th>\n",
       "      <th>분당 어시</th>\n",
       "      <th>분당 데스</th>\n",
       "      <th>퍼블유무</th>\n",
       "      <th>퍼블어시유무</th>\n",
       "      <th>분당 얻은 골드</th>\n",
       "      <th>분당 피해량</th>\n",
       "      <th>분당 cc건시간</th>\n",
       "      <th>분당 CS</th>\n",
       "      <th>분당 죽은시간</th>\n",
       "      <th>분당 시야점수</th>\n",
       "    </tr>\n",
       "  </thead>\n",
       "  <tbody>\n",
       "    <tr>\n",
       "      <th>win</th>\n",
       "      <td>1.000000</td>\n",
       "      <td>0.338310</td>\n",
       "      <td>0.336567</td>\n",
       "      <td>-0.442457</td>\n",
       "      <td>0.067262</td>\n",
       "      <td>0.050431</td>\n",
       "      <td>0.444460</td>\n",
       "      <td>0.201623</td>\n",
       "      <td>0.046946</td>\n",
       "      <td>0.129293</td>\n",
       "      <td>-0.358863</td>\n",
       "      <td>0.139445</td>\n",
       "    </tr>\n",
       "    <tr>\n",
       "      <th>분당 킬</th>\n",
       "      <td>0.338310</td>\n",
       "      <td>1.000000</td>\n",
       "      <td>0.140860</td>\n",
       "      <td>-0.176069</td>\n",
       "      <td>0.252319</td>\n",
       "      <td>-0.003316</td>\n",
       "      <td>0.827638</td>\n",
       "      <td>0.709484</td>\n",
       "      <td>0.149437</td>\n",
       "      <td>0.201767</td>\n",
       "      <td>-0.060889</td>\n",
       "      <td>0.125854</td>\n",
       "    </tr>\n",
       "    <tr>\n",
       "      <th>분당 어시</th>\n",
       "      <td>0.336567</td>\n",
       "      <td>0.140860</td>\n",
       "      <td>1.000000</td>\n",
       "      <td>-0.082527</td>\n",
       "      <td>-0.002509</td>\n",
       "      <td>0.112738</td>\n",
       "      <td>0.168239</td>\n",
       "      <td>0.294190</td>\n",
       "      <td>0.277897</td>\n",
       "      <td>-0.198751</td>\n",
       "      <td>0.015251</td>\n",
       "      <td>0.174969</td>\n",
       "    </tr>\n",
       "    <tr>\n",
       "      <th>분당 데스</th>\n",
       "      <td>-0.442457</td>\n",
       "      <td>-0.176069</td>\n",
       "      <td>-0.082527</td>\n",
       "      <td>1.000000</td>\n",
       "      <td>-0.026480</td>\n",
       "      <td>-0.049485</td>\n",
       "      <td>-0.303028</td>\n",
       "      <td>0.028736</td>\n",
       "      <td>0.001949</td>\n",
       "      <td>-0.285629</td>\n",
       "      <td>0.870565</td>\n",
       "      <td>-0.107345</td>\n",
       "    </tr>\n",
       "    <tr>\n",
       "      <th>퍼블유무</th>\n",
       "      <td>0.067262</td>\n",
       "      <td>0.252319</td>\n",
       "      <td>-0.002509</td>\n",
       "      <td>-0.026480</td>\n",
       "      <td>1.000000</td>\n",
       "      <td>-0.086728</td>\n",
       "      <td>0.214478</td>\n",
       "      <td>0.156963</td>\n",
       "      <td>0.026921</td>\n",
       "      <td>0.053776</td>\n",
       "      <td>-0.004600</td>\n",
       "      <td>0.032727</td>\n",
       "    </tr>\n",
       "    <tr>\n",
       "      <th>퍼블어시유무</th>\n",
       "      <td>0.050431</td>\n",
       "      <td>-0.003316</td>\n",
       "      <td>0.112738</td>\n",
       "      <td>-0.049485</td>\n",
       "      <td>-0.086728</td>\n",
       "      <td>1.000000</td>\n",
       "      <td>0.023820</td>\n",
       "      <td>0.009289</td>\n",
       "      <td>0.027493</td>\n",
       "      <td>0.005091</td>\n",
       "      <td>-0.041852</td>\n",
       "      <td>0.023640</td>\n",
       "    </tr>\n",
       "    <tr>\n",
       "      <th>분당 얻은 골드</th>\n",
       "      <td>0.444460</td>\n",
       "      <td>0.827638</td>\n",
       "      <td>0.168239</td>\n",
       "      <td>-0.303028</td>\n",
       "      <td>0.214478</td>\n",
       "      <td>0.023820</td>\n",
       "      <td>1.000000</td>\n",
       "      <td>0.670014</td>\n",
       "      <td>0.063888</td>\n",
       "      <td>0.556252</td>\n",
       "      <td>-0.158799</td>\n",
       "      <td>0.200020</td>\n",
       "    </tr>\n",
       "    <tr>\n",
       "      <th>분당 피해량</th>\n",
       "      <td>0.201623</td>\n",
       "      <td>0.709484</td>\n",
       "      <td>0.294190</td>\n",
       "      <td>0.028736</td>\n",
       "      <td>0.156963</td>\n",
       "      <td>0.009289</td>\n",
       "      <td>0.670014</td>\n",
       "      <td>1.000000</td>\n",
       "      <td>0.234509</td>\n",
       "      <td>0.200173</td>\n",
       "      <td>0.216587</td>\n",
       "      <td>0.185702</td>\n",
       "    </tr>\n",
       "    <tr>\n",
       "      <th>분당 cc건시간</th>\n",
       "      <td>0.046946</td>\n",
       "      <td>0.149437</td>\n",
       "      <td>0.277897</td>\n",
       "      <td>0.001949</td>\n",
       "      <td>0.026921</td>\n",
       "      <td>0.027493</td>\n",
       "      <td>0.063888</td>\n",
       "      <td>0.234509</td>\n",
       "      <td>1.000000</td>\n",
       "      <td>-0.111211</td>\n",
       "      <td>0.031006</td>\n",
       "      <td>0.069441</td>\n",
       "    </tr>\n",
       "    <tr>\n",
       "      <th>분당 CS</th>\n",
       "      <td>0.129293</td>\n",
       "      <td>0.201767</td>\n",
       "      <td>-0.198751</td>\n",
       "      <td>-0.285629</td>\n",
       "      <td>0.053776</td>\n",
       "      <td>0.005091</td>\n",
       "      <td>0.556252</td>\n",
       "      <td>0.200173</td>\n",
       "      <td>-0.111211</td>\n",
       "      <td>1.000000</td>\n",
       "      <td>-0.243296</td>\n",
       "      <td>0.120512</td>\n",
       "    </tr>\n",
       "    <tr>\n",
       "      <th>분당 죽은시간</th>\n",
       "      <td>-0.358863</td>\n",
       "      <td>-0.060889</td>\n",
       "      <td>0.015251</td>\n",
       "      <td>0.870565</td>\n",
       "      <td>-0.004600</td>\n",
       "      <td>-0.041852</td>\n",
       "      <td>-0.158799</td>\n",
       "      <td>0.216587</td>\n",
       "      <td>0.031006</td>\n",
       "      <td>-0.243296</td>\n",
       "      <td>1.000000</td>\n",
       "      <td>-0.014304</td>\n",
       "    </tr>\n",
       "    <tr>\n",
       "      <th>분당 시야점수</th>\n",
       "      <td>0.139445</td>\n",
       "      <td>0.125854</td>\n",
       "      <td>0.174969</td>\n",
       "      <td>-0.107345</td>\n",
       "      <td>0.032727</td>\n",
       "      <td>0.023640</td>\n",
       "      <td>0.200020</td>\n",
       "      <td>0.185702</td>\n",
       "      <td>0.069441</td>\n",
       "      <td>0.120512</td>\n",
       "      <td>-0.014304</td>\n",
       "      <td>1.000000</td>\n",
       "    </tr>\n",
       "  </tbody>\n",
       "</table>\n",
       "</div>"
      ],
      "text/plain": [
       "               win      분당 킬     분당 어시     분당 데스      퍼블유무    퍼블어시유무  \\\n",
       "win       1.000000  0.338310  0.336567 -0.442457  0.067262  0.050431   \n",
       "분당 킬      0.338310  1.000000  0.140860 -0.176069  0.252319 -0.003316   \n",
       "분당 어시     0.336567  0.140860  1.000000 -0.082527 -0.002509  0.112738   \n",
       "분당 데스    -0.442457 -0.176069 -0.082527  1.000000 -0.026480 -0.049485   \n",
       "퍼블유무      0.067262  0.252319 -0.002509 -0.026480  1.000000 -0.086728   \n",
       "퍼블어시유무    0.050431 -0.003316  0.112738 -0.049485 -0.086728  1.000000   \n",
       "분당 얻은 골드  0.444460  0.827638  0.168239 -0.303028  0.214478  0.023820   \n",
       "분당 피해량    0.201623  0.709484  0.294190  0.028736  0.156963  0.009289   \n",
       "분당 cc건시간  0.046946  0.149437  0.277897  0.001949  0.026921  0.027493   \n",
       "분당 CS     0.129293  0.201767 -0.198751 -0.285629  0.053776  0.005091   \n",
       "분당 죽은시간  -0.358863 -0.060889  0.015251  0.870565 -0.004600 -0.041852   \n",
       "분당 시야점수   0.139445  0.125854  0.174969 -0.107345  0.032727  0.023640   \n",
       "\n",
       "          분당 얻은 골드    분당 피해량  분당 cc건시간     분당 CS   분당 죽은시간   분당 시야점수  \n",
       "win       0.444460  0.201623  0.046946  0.129293 -0.358863  0.139445  \n",
       "분당 킬      0.827638  0.709484  0.149437  0.201767 -0.060889  0.125854  \n",
       "분당 어시     0.168239  0.294190  0.277897 -0.198751  0.015251  0.174969  \n",
       "분당 데스    -0.303028  0.028736  0.001949 -0.285629  0.870565 -0.107345  \n",
       "퍼블유무      0.214478  0.156963  0.026921  0.053776 -0.004600  0.032727  \n",
       "퍼블어시유무    0.023820  0.009289  0.027493  0.005091 -0.041852  0.023640  \n",
       "분당 얻은 골드  1.000000  0.670014  0.063888  0.556252 -0.158799  0.200020  \n",
       "분당 피해량    0.670014  1.000000  0.234509  0.200173  0.216587  0.185702  \n",
       "분당 cc건시간  0.063888  0.234509  1.000000 -0.111211  0.031006  0.069441  \n",
       "분당 CS     0.556252  0.200173 -0.111211  1.000000 -0.243296  0.120512  \n",
       "분당 죽은시간  -0.158799  0.216587  0.031006 -0.243296  1.000000 -0.014304  \n",
       "분당 시야점수   0.200020  0.185702  0.069441  0.120512 -0.014304  1.000000  "
      ]
     },
     "execution_count": 8,
     "metadata": {},
     "output_type": "execute_result"
    }
   ],
   "source": [
    "top.corr()"
   ]
  },
  {
   "cell_type": "markdown",
   "metadata": {},
   "source": [
    "탑의 경우 관련있는 상위 5개 항목   \n",
    "- 분당 얻은 골드 0.444\n",
    "- 분당 데스 -0.442\n",
    "- 분당 죽은시간 -0.359\n",
    "- 분당 킬 0.338\n",
    "- 분당 어시 0.337\n",
    "\n",
    "  \n",
    "탑의 경우 관련있는 하위 5개 항목  \n",
    "- 분당 cc건 시간 0.0469\n",
    "- 퍼블 어시유무 0.0504\n",
    "- 퍼블 유무 0.0673\n",
    "- 분당 cs 0.129\n",
    "- 분당 시야점수 0.139 "
   ]
  },
  {
   "cell_type": "markdown",
   "metadata": {},
   "source": [
    "### 정글의 승리와 가장 연관있는 지표 알아보기"
   ]
  },
  {
   "cell_type": "code",
   "execution_count": 9,
   "metadata": {},
   "outputs": [
    {
     "data": {
      "text/html": [
       "<div>\n",
       "<style scoped>\n",
       "    .dataframe tbody tr th:only-of-type {\n",
       "        vertical-align: middle;\n",
       "    }\n",
       "\n",
       "    .dataframe tbody tr th {\n",
       "        vertical-align: top;\n",
       "    }\n",
       "\n",
       "    .dataframe thead th {\n",
       "        text-align: right;\n",
       "    }\n",
       "</style>\n",
       "<table border=\"1\" class=\"dataframe\">\n",
       "  <thead>\n",
       "    <tr style=\"text-align: right;\">\n",
       "      <th></th>\n",
       "      <th>win</th>\n",
       "      <th>분당 킬</th>\n",
       "      <th>분당 어시</th>\n",
       "      <th>분당 데스</th>\n",
       "      <th>퍼블유무</th>\n",
       "      <th>퍼블어시유무</th>\n",
       "      <th>분당 얻은 골드</th>\n",
       "      <th>분당 피해량</th>\n",
       "      <th>분당 cc건시간</th>\n",
       "      <th>분당 CS</th>\n",
       "      <th>분당 죽은시간</th>\n",
       "      <th>분당 시야점수</th>\n",
       "    </tr>\n",
       "  </thead>\n",
       "  <tbody>\n",
       "    <tr>\n",
       "      <th>win</th>\n",
       "      <td>1.000000</td>\n",
       "      <td>0.329481</td>\n",
       "      <td>0.372398</td>\n",
       "      <td>-0.524755</td>\n",
       "      <td>0.053865</td>\n",
       "      <td>0.063986</td>\n",
       "      <td>0.472286</td>\n",
       "      <td>0.189947</td>\n",
       "      <td>0.033904</td>\n",
       "      <td>-0.008600</td>\n",
       "      <td>-0.442531</td>\n",
       "      <td>0.168032</td>\n",
       "    </tr>\n",
       "    <tr>\n",
       "      <th>분당 킬</th>\n",
       "      <td>0.329481</td>\n",
       "      <td>1.000000</td>\n",
       "      <td>0.091682</td>\n",
       "      <td>-0.173425</td>\n",
       "      <td>0.155815</td>\n",
       "      <td>0.014106</td>\n",
       "      <td>0.865487</td>\n",
       "      <td>0.734447</td>\n",
       "      <td>0.059185</td>\n",
       "      <td>0.196449</td>\n",
       "      <td>-0.073637</td>\n",
       "      <td>0.102556</td>\n",
       "    </tr>\n",
       "    <tr>\n",
       "      <th>분당 어시</th>\n",
       "      <td>0.372398</td>\n",
       "      <td>0.091682</td>\n",
       "      <td>1.000000</td>\n",
       "      <td>-0.135044</td>\n",
       "      <td>0.005384</td>\n",
       "      <td>0.154181</td>\n",
       "      <td>0.237797</td>\n",
       "      <td>0.285775</td>\n",
       "      <td>0.220537</td>\n",
       "      <td>0.007843</td>\n",
       "      <td>-0.058266</td>\n",
       "      <td>0.175515</td>\n",
       "    </tr>\n",
       "    <tr>\n",
       "      <th>분당 데스</th>\n",
       "      <td>-0.524755</td>\n",
       "      <td>-0.173425</td>\n",
       "      <td>-0.135044</td>\n",
       "      <td>1.000000</td>\n",
       "      <td>-0.048833</td>\n",
       "      <td>-0.035949</td>\n",
       "      <td>-0.335931</td>\n",
       "      <td>0.046231</td>\n",
       "      <td>-0.003722</td>\n",
       "      <td>0.007316</td>\n",
       "      <td>0.879009</td>\n",
       "      <td>-0.134933</td>\n",
       "    </tr>\n",
       "    <tr>\n",
       "      <th>퍼블유무</th>\n",
       "      <td>0.053865</td>\n",
       "      <td>0.155815</td>\n",
       "      <td>0.005384</td>\n",
       "      <td>-0.048833</td>\n",
       "      <td>1.000000</td>\n",
       "      <td>-0.106002</td>\n",
       "      <td>0.140766</td>\n",
       "      <td>0.095531</td>\n",
       "      <td>0.010886</td>\n",
       "      <td>0.022881</td>\n",
       "      <td>-0.029615</td>\n",
       "      <td>0.037256</td>\n",
       "    </tr>\n",
       "    <tr>\n",
       "      <th>퍼블어시유무</th>\n",
       "      <td>0.063986</td>\n",
       "      <td>0.014106</td>\n",
       "      <td>0.154181</td>\n",
       "      <td>-0.035949</td>\n",
       "      <td>-0.106002</td>\n",
       "      <td>1.000000</td>\n",
       "      <td>0.043565</td>\n",
       "      <td>0.028472</td>\n",
       "      <td>0.018877</td>\n",
       "      <td>0.008425</td>\n",
       "      <td>-0.029916</td>\n",
       "      <td>0.050242</td>\n",
       "    </tr>\n",
       "    <tr>\n",
       "      <th>분당 얻은 골드</th>\n",
       "      <td>0.472286</td>\n",
       "      <td>0.865487</td>\n",
       "      <td>0.237797</td>\n",
       "      <td>-0.335931</td>\n",
       "      <td>0.140766</td>\n",
       "      <td>0.043565</td>\n",
       "      <td>1.000000</td>\n",
       "      <td>0.703299</td>\n",
       "      <td>0.069750</td>\n",
       "      <td>0.324348</td>\n",
       "      <td>-0.205053</td>\n",
       "      <td>0.165466</td>\n",
       "    </tr>\n",
       "    <tr>\n",
       "      <th>분당 피해량</th>\n",
       "      <td>0.189947</td>\n",
       "      <td>0.734447</td>\n",
       "      <td>0.285775</td>\n",
       "      <td>0.046231</td>\n",
       "      <td>0.095531</td>\n",
       "      <td>0.028472</td>\n",
       "      <td>0.703299</td>\n",
       "      <td>1.000000</td>\n",
       "      <td>0.111277</td>\n",
       "      <td>0.321852</td>\n",
       "      <td>0.218552</td>\n",
       "      <td>0.137090</td>\n",
       "    </tr>\n",
       "    <tr>\n",
       "      <th>분당 cc건시간</th>\n",
       "      <td>0.033904</td>\n",
       "      <td>0.059185</td>\n",
       "      <td>0.220537</td>\n",
       "      <td>-0.003722</td>\n",
       "      <td>0.010886</td>\n",
       "      <td>0.018877</td>\n",
       "      <td>0.069750</td>\n",
       "      <td>0.111277</td>\n",
       "      <td>1.000000</td>\n",
       "      <td>0.021512</td>\n",
       "      <td>0.027226</td>\n",
       "      <td>0.062897</td>\n",
       "    </tr>\n",
       "    <tr>\n",
       "      <th>분당 CS</th>\n",
       "      <td>-0.008600</td>\n",
       "      <td>0.196449</td>\n",
       "      <td>0.007843</td>\n",
       "      <td>0.007316</td>\n",
       "      <td>0.022881</td>\n",
       "      <td>0.008425</td>\n",
       "      <td>0.324348</td>\n",
       "      <td>0.321852</td>\n",
       "      <td>0.021512</td>\n",
       "      <td>1.000000</td>\n",
       "      <td>0.084029</td>\n",
       "      <td>0.050221</td>\n",
       "    </tr>\n",
       "    <tr>\n",
       "      <th>분당 죽은시간</th>\n",
       "      <td>-0.442531</td>\n",
       "      <td>-0.073637</td>\n",
       "      <td>-0.058266</td>\n",
       "      <td>0.879009</td>\n",
       "      <td>-0.029615</td>\n",
       "      <td>-0.029916</td>\n",
       "      <td>-0.205053</td>\n",
       "      <td>0.218552</td>\n",
       "      <td>0.027226</td>\n",
       "      <td>0.084029</td>\n",
       "      <td>1.000000</td>\n",
       "      <td>-0.081619</td>\n",
       "    </tr>\n",
       "    <tr>\n",
       "      <th>분당 시야점수</th>\n",
       "      <td>0.168032</td>\n",
       "      <td>0.102556</td>\n",
       "      <td>0.175515</td>\n",
       "      <td>-0.134933</td>\n",
       "      <td>0.037256</td>\n",
       "      <td>0.050242</td>\n",
       "      <td>0.165466</td>\n",
       "      <td>0.137090</td>\n",
       "      <td>0.062897</td>\n",
       "      <td>0.050221</td>\n",
       "      <td>-0.081619</td>\n",
       "      <td>1.000000</td>\n",
       "    </tr>\n",
       "  </tbody>\n",
       "</table>\n",
       "</div>"
      ],
      "text/plain": [
       "               win      분당 킬     분당 어시     분당 데스      퍼블유무    퍼블어시유무  \\\n",
       "win       1.000000  0.329481  0.372398 -0.524755  0.053865  0.063986   \n",
       "분당 킬      0.329481  1.000000  0.091682 -0.173425  0.155815  0.014106   \n",
       "분당 어시     0.372398  0.091682  1.000000 -0.135044  0.005384  0.154181   \n",
       "분당 데스    -0.524755 -0.173425 -0.135044  1.000000 -0.048833 -0.035949   \n",
       "퍼블유무      0.053865  0.155815  0.005384 -0.048833  1.000000 -0.106002   \n",
       "퍼블어시유무    0.063986  0.014106  0.154181 -0.035949 -0.106002  1.000000   \n",
       "분당 얻은 골드  0.472286  0.865487  0.237797 -0.335931  0.140766  0.043565   \n",
       "분당 피해량    0.189947  0.734447  0.285775  0.046231  0.095531  0.028472   \n",
       "분당 cc건시간  0.033904  0.059185  0.220537 -0.003722  0.010886  0.018877   \n",
       "분당 CS    -0.008600  0.196449  0.007843  0.007316  0.022881  0.008425   \n",
       "분당 죽은시간  -0.442531 -0.073637 -0.058266  0.879009 -0.029615 -0.029916   \n",
       "분당 시야점수   0.168032  0.102556  0.175515 -0.134933  0.037256  0.050242   \n",
       "\n",
       "          분당 얻은 골드    분당 피해량  분당 cc건시간     분당 CS   분당 죽은시간   분당 시야점수  \n",
       "win       0.472286  0.189947  0.033904 -0.008600 -0.442531  0.168032  \n",
       "분당 킬      0.865487  0.734447  0.059185  0.196449 -0.073637  0.102556  \n",
       "분당 어시     0.237797  0.285775  0.220537  0.007843 -0.058266  0.175515  \n",
       "분당 데스    -0.335931  0.046231 -0.003722  0.007316  0.879009 -0.134933  \n",
       "퍼블유무      0.140766  0.095531  0.010886  0.022881 -0.029615  0.037256  \n",
       "퍼블어시유무    0.043565  0.028472  0.018877  0.008425 -0.029916  0.050242  \n",
       "분당 얻은 골드  1.000000  0.703299  0.069750  0.324348 -0.205053  0.165466  \n",
       "분당 피해량    0.703299  1.000000  0.111277  0.321852  0.218552  0.137090  \n",
       "분당 cc건시간  0.069750  0.111277  1.000000  0.021512  0.027226  0.062897  \n",
       "분당 CS     0.324348  0.321852  0.021512  1.000000  0.084029  0.050221  \n",
       "분당 죽은시간  -0.205053  0.218552  0.027226  0.084029  1.000000 -0.081619  \n",
       "분당 시야점수   0.165466  0.137090  0.062897  0.050221 -0.081619  1.000000  "
      ]
     },
     "execution_count": 9,
     "metadata": {},
     "output_type": "execute_result"
    }
   ],
   "source": [
    "jungle.corr()"
   ]
  },
  {
   "cell_type": "markdown",
   "metadata": {},
   "source": [
    "정글의 경우 관련있는 상위 5개 항목   \n",
    "- 포탑어시 0.57\n",
    "- kda 0.498    \n",
    "- 시간대비 죽은시간 -0.44  \n",
    "- 데스 -0.434  \n",
    "- 연속킬 0.36  \n",
    "  \n",
    "정글의 경우 관련있는 하위 5개 항목 \n",
    "- cs수 -0.00753   \n",
    "- 설치 와드수 0.000796  \n",
    "- 핑와 갯수 0.0236  \n",
    "- 와드 제거수 -0.0305  \n",
    "- cc건 시간 0.0312    "
   ]
  },
  {
   "cell_type": "markdown",
   "metadata": {},
   "source": [
    "### 미드의 승리와 가장 연관있는 지표 알아보기"
   ]
  },
  {
   "cell_type": "code",
   "execution_count": null,
   "metadata": {},
   "outputs": [
    {
     "data": {
      "text/html": [
       "<div>\n",
       "<style scoped>\n",
       "    .dataframe tbody tr th:only-of-type {\n",
       "        vertical-align: middle;\n",
       "    }\n",
       "\n",
       "    .dataframe tbody tr th {\n",
       "        vertical-align: top;\n",
       "    }\n",
       "\n",
       "    .dataframe thead th {\n",
       "        text-align: right;\n",
       "    }\n",
       "</style>\n",
       "<table border=\"1\" class=\"dataframe\">\n",
       "  <thead>\n",
       "    <tr style=\"text-align: right;\">\n",
       "      <th></th>\n",
       "      <th>win</th>\n",
       "      <th>킬수</th>\n",
       "      <th>어시</th>\n",
       "      <th>데스</th>\n",
       "      <th>챔피언에게 가한 피해량</th>\n",
       "      <th>받은 피해량</th>\n",
       "      <th>얻은 골드</th>\n",
       "      <th>cs 수</th>\n",
       "      <th>포탑 골드 획득 갯수</th>\n",
       "      <th>퍼블유무</th>\n",
       "      <th>퍼블어시유무</th>\n",
       "      <th>연속 킬</th>\n",
       "      <th>시야점수</th>\n",
       "      <th>핑와산갯수</th>\n",
       "      <th>와드제거수</th>\n",
       "      <th>설치와드수</th>\n",
       "      <th>게임시간 대비 cc기 건 시간</th>\n",
       "      <th>게임시간 대비 죽은 시간</th>\n",
       "      <th>kda</th>\n",
       "    </tr>\n",
       "  </thead>\n",
       "  <tbody>\n",
       "    <tr>\n",
       "      <th>win</th>\n",
       "      <td>1.000000</td>\n",
       "      <td>0.293509</td>\n",
       "      <td>0.305253</td>\n",
       "      <td>-0.366544</td>\n",
       "      <td>0.156541</td>\n",
       "      <td>-0.090832</td>\n",
       "      <td>0.242871</td>\n",
       "      <td>0.065190</td>\n",
       "      <td>0.611636</td>\n",
       "      <td>0.059787</td>\n",
       "      <td>0.054920</td>\n",
       "      <td>0.362311</td>\n",
       "      <td>0.124125</td>\n",
       "      <td>0.029985</td>\n",
       "      <td>0.074762</td>\n",
       "      <td>0.047767</td>\n",
       "      <td>0.050738</td>\n",
       "      <td>-0.370563</td>\n",
       "      <td>0.465101</td>\n",
       "    </tr>\n",
       "    <tr>\n",
       "      <th>킬수</th>\n",
       "      <td>0.293509</td>\n",
       "      <td>1.000000</td>\n",
       "      <td>0.264348</td>\n",
       "      <td>0.108975</td>\n",
       "      <td>0.767053</td>\n",
       "      <td>0.452658</td>\n",
       "      <td>0.781286</td>\n",
       "      <td>0.344931</td>\n",
       "      <td>0.372316</td>\n",
       "      <td>0.173192</td>\n",
       "      <td>0.000129</td>\n",
       "      <td>0.774823</td>\n",
       "      <td>0.296810</td>\n",
       "      <td>0.053613</td>\n",
       "      <td>0.191130</td>\n",
       "      <td>0.215491</td>\n",
       "      <td>0.029466</td>\n",
       "      <td>0.086783</td>\n",
       "      <td>0.366079</td>\n",
       "    </tr>\n",
       "    <tr>\n",
       "      <th>어시</th>\n",
       "      <td>0.305253</td>\n",
       "      <td>0.264348</td>\n",
       "      <td>1.000000</td>\n",
       "      <td>0.183097</td>\n",
       "      <td>0.524197</td>\n",
       "      <td>0.383119</td>\n",
       "      <td>0.497153</td>\n",
       "      <td>0.277535</td>\n",
       "      <td>0.362438</td>\n",
       "      <td>-0.014456</td>\n",
       "      <td>0.109661</td>\n",
       "      <td>0.164614</td>\n",
       "      <td>0.416062</td>\n",
       "      <td>0.125813</td>\n",
       "      <td>0.215375</td>\n",
       "      <td>0.401015</td>\n",
       "      <td>0.273629</td>\n",
       "      <td>0.102023</td>\n",
       "      <td>0.290266</td>\n",
       "    </tr>\n",
       "    <tr>\n",
       "      <th>데스</th>\n",
       "      <td>-0.366544</td>\n",
       "      <td>0.108975</td>\n",
       "      <td>0.183097</td>\n",
       "      <td>1.000000</td>\n",
       "      <td>0.325533</td>\n",
       "      <td>0.655027</td>\n",
       "      <td>0.287097</td>\n",
       "      <td>0.136671</td>\n",
       "      <td>-0.177800</td>\n",
       "      <td>-0.004397</td>\n",
       "      <td>-0.028837</td>\n",
       "      <td>-0.247098</td>\n",
       "      <td>0.187104</td>\n",
       "      <td>0.004017</td>\n",
       "      <td>0.091034</td>\n",
       "      <td>0.243724</td>\n",
       "      <td>-0.004039</td>\n",
       "      <td>0.940822</td>\n",
       "      <td>-0.558134</td>\n",
       "    </tr>\n",
       "    <tr>\n",
       "      <th>챔피언에게 가한 피해량</th>\n",
       "      <td>0.156541</td>\n",
       "      <td>0.767053</td>\n",
       "      <td>0.524197</td>\n",
       "      <td>0.325533</td>\n",
       "      <td>1.000000</td>\n",
       "      <td>0.639379</td>\n",
       "      <td>0.863857</td>\n",
       "      <td>0.570590</td>\n",
       "      <td>0.343512</td>\n",
       "      <td>0.088726</td>\n",
       "      <td>0.010700</td>\n",
       "      <td>0.501828</td>\n",
       "      <td>0.476178</td>\n",
       "      <td>0.090016</td>\n",
       "      <td>0.264134</td>\n",
       "      <td>0.430931</td>\n",
       "      <td>0.167474</td>\n",
       "      <td>0.264423</td>\n",
       "      <td>0.205129</td>\n",
       "    </tr>\n",
       "    <tr>\n",
       "      <th>받은 피해량</th>\n",
       "      <td>-0.090832</td>\n",
       "      <td>0.452658</td>\n",
       "      <td>0.383119</td>\n",
       "      <td>0.655027</td>\n",
       "      <td>0.639379</td>\n",
       "      <td>1.000000</td>\n",
       "      <td>0.681867</td>\n",
       "      <td>0.463686</td>\n",
       "      <td>0.119280</td>\n",
       "      <td>0.044526</td>\n",
       "      <td>0.002323</td>\n",
       "      <td>0.157519</td>\n",
       "      <td>0.403054</td>\n",
       "      <td>0.064169</td>\n",
       "      <td>0.238484</td>\n",
       "      <td>0.387666</td>\n",
       "      <td>0.011074</td>\n",
       "      <td>0.579289</td>\n",
       "      <td>-0.156064</td>\n",
       "    </tr>\n",
       "    <tr>\n",
       "      <th>얻은 골드</th>\n",
       "      <td>0.242871</td>\n",
       "      <td>0.781286</td>\n",
       "      <td>0.497153</td>\n",
       "      <td>0.287097</td>\n",
       "      <td>0.863857</td>\n",
       "      <td>0.681867</td>\n",
       "      <td>1.000000</td>\n",
       "      <td>0.757862</td>\n",
       "      <td>0.476047</td>\n",
       "      <td>0.088107</td>\n",
       "      <td>0.016725</td>\n",
       "      <td>0.548949</td>\n",
       "      <td>0.558360</td>\n",
       "      <td>0.130074</td>\n",
       "      <td>0.340712</td>\n",
       "      <td>0.491783</td>\n",
       "      <td>0.088294</td>\n",
       "      <td>0.213804</td>\n",
       "      <td>0.250746</td>\n",
       "    </tr>\n",
       "    <tr>\n",
       "      <th>cs 수</th>\n",
       "      <td>0.065190</td>\n",
       "      <td>0.344931</td>\n",
       "      <td>0.277535</td>\n",
       "      <td>0.136671</td>\n",
       "      <td>0.570590</td>\n",
       "      <td>0.463686</td>\n",
       "      <td>0.757862</td>\n",
       "      <td>1.000000</td>\n",
       "      <td>0.324593</td>\n",
       "      <td>-0.005243</td>\n",
       "      <td>0.001701</td>\n",
       "      <td>0.263425</td>\n",
       "      <td>0.486903</td>\n",
       "      <td>0.155148</td>\n",
       "      <td>0.326538</td>\n",
       "      <td>0.449817</td>\n",
       "      <td>0.078295</td>\n",
       "      <td>0.088463</td>\n",
       "      <td>0.125350</td>\n",
       "    </tr>\n",
       "    <tr>\n",
       "      <th>포탑 골드 획득 갯수</th>\n",
       "      <td>0.611636</td>\n",
       "      <td>0.372316</td>\n",
       "      <td>0.362438</td>\n",
       "      <td>-0.177800</td>\n",
       "      <td>0.343512</td>\n",
       "      <td>0.119280</td>\n",
       "      <td>0.476047</td>\n",
       "      <td>0.324593</td>\n",
       "      <td>1.000000</td>\n",
       "      <td>0.057899</td>\n",
       "      <td>0.052162</td>\n",
       "      <td>0.385106</td>\n",
       "      <td>0.252661</td>\n",
       "      <td>0.053538</td>\n",
       "      <td>0.134051</td>\n",
       "      <td>0.199626</td>\n",
